363
661
585
579
1275
1531
1627
367
1385
121
1261
1075
1133
301
411
543
1925
1415
1545
29
91
447
1271
1057
49
1793
1717
613
1897
2023
1737
179
565
229
1693
633
1933
1313
1343
727
2033
1071
1461
669
2043
637
143
1535
525
1105
1121
1331
1709
865
5
471
165
933
401
571
1907
37
1621
119
1929
371
1685
69
453
1161
47
153
555
95
217
2011
197
1711
1449
539
1881
1025
335
1485
2003
1889
203
817
147
937
945
623
329
1031
957
237
919
391
863
643
1527
1543
123
1715
771
1405
1815
351
1127
559
1281
1363
1113
1719
303
45
55
1387
1791
609
1771
1119
1167
1337
1959
1645
883
1353
657
479
1915
163
205
1183
1985
1761
1131
83
79
1921
943
1811
151
421
2045
1779
1041
925
953
1221
1515
1547
1321
1637
743
715
797
1413
283
1519
569
81
99
1197
1217
1747
891
1663
1795
2013
185
1611
1277
747
373
795
1267
1205
725
209
1869
1317
1887
1813
893
1573
1043
1675
1739
1945
349
1773
713
457
1559
809
853
1865
1473
1581
1905
1567
605
621
1475
805
477
693
133
729
1657
15
1935
1781
257
835
1089
855
711
1975
1619
469
63
1851
171
305
785
485
1279
169
481
1083
737
225
1863
1399
769
979
433
1433
1163
1233
915
847
599
213
687
1325
2021
897
1569
961
1493
1263
583
1651
895
87
1125
1861
1585
2009
1447
1305
1191
941
317
1169
1007
733
549
985
1683
759
1001
1579
1107
547
2041
1373
999
1483
1479
207
407
145
1741
1649
1563
1357
857
1635
1797
1957
921
1517
931
1411
639
935
1971
1597
635
1857
75
1789
849
413
437
1853
1871
223
763
629
355
1641
819
521
431
1687
1801
845
1
951
1605
399
1111
1753
1389
723
1177
1981
2001
1539
71
2031
245
1029
1947
1993
601
17
1009
261
211
161
1589
1511
641
409
1395
709
1591
1285
379
1661
1023
625
287
113
475
1135
595
181
1359
415
745
1499
1537
677
1311
1697
1471
1465
1069
1439
973
1629
1199
1839
1983
1549
89
1319
331
13
357
9
689
837
1181
1255
1833
1917
1497
899
551
1721
11
731
799
1561
829
813
1349
889
875
1799
1303
775
141
705
1037
189
779
321
455
1847
1143
1769
909
545
2017
537
39
1759
1109
1961
491
1213
1235
1301
1553
667
1691
721
923
3
1323
1065
369
1613
313
77
903
1033
789
327
253
403
1633
513
1505
807
907
259
1209
33
885
741
825
269
1821
675
1103
1625
503
109
1997
949
1763
755
1665
1015
1913
801
1173
1019
1705
1541
663
1393
337
221
1903
279
1859
527
1049
435
199
375
1333
1757
767
247
1367
277
843
1445
1487
1607
167
1045
1185
1843
871
103
487
649
749
73
1855
1787
887
311
1701
1035
1175
1423
1085
1623
1451
1005
811
827
21
233
1153
1593
1055
1309
31
591
1873
1293
1745
465
577
783
1937
1099
1203
1339
1599
1643
631
1885
1969
821
1017
531
1609
529
489
1227
1137
125
561
1245
1999
859
1775
441
1299
243
1027
57
493
1501
1115
1397
231
751
251
681
1193
1755
1201
1827
647
2035
1565
955
1123
1671
1021
1225
51
497
905
1253
1455
1899
1659
315
879
1265
111
1249
255
1283
1207
1895
459
1269
323
645
1063
959
975
1347
291
1149
519
23
867
1673
967
1417
131
443
523
671
219
965
333
1631
325
1391
239
1147
417
1703
1931
1603
1783
1829
289
1595
2015
187
773
1735
1785
1377
97
1335
1963
1909
575
1457
177
1835
1807
881
159
1315
1731
1039
383
175
1431
2029
1409
701
2047
1845
1241
1061
1129
1093
685
695
451
861
195
1079
1751
1707
271
1469
1145
365
173
1723
1823
1443
841
41
1097
1495
1749
739
1695
1421
295
505
815
1681
1247
1171
1459
1817
1677
1571
1943
473
877
697
1965
927
1219
467
1297
1371
1533
1429
703
2019
1295
19
1081
1403
35
419
1307
1655
1159
1699
869
1667
1891
1379
377
1441
137
359
1727
913
1327
7
293
1825
541
1341
449
1195
307
1733
699
707
557
361
1777
265
1867
983
1507
587
665
597
139
1361
1215
1401
1555
2039
1911
1489
803
1647
65
2037
1243
1365
2025
273
1679
765
445
1979
1977
563
1951
619
67
573
947
429
93
1689
59
1287
1481
1453
107
105
1967
1117
1087
839
1355
389
1513
1251
85
1617
1223
201
1179
1529
1077
2007
1995
115
1991
1229
581
439
339
319
1713
297
341
117
193
1491
977
227
1509
735
461
495
1949
991
791
427
1151
603
1941
717
345
1237
533
425
939
241
1803
1259
343
1165
1187
393
1059
1901
1375
911
997
267
309
101
43
1463
1139
1575
1767
535
511
1743
1351
1427
1273
1615
761
1013
777
1837
499
1345
1819
617
683
833
1875
1987
1381
1879
1893
1557
157
1849
611
1141
385
25
1467
1953
1053
501
215
1189
787
1883
1383
1639
823
61
263
659
901
655
281
1919
2027
989
1503
249
851
831
483
679
1157
129
149
509
651
1521
1369
971
873
1239
917
1211
275
463
673
155
1477
183
387
1583
1425
1805
995
27
1257
1003
397
347
395
1809
1669
1101
191
1653
929
517
963
1841
1927
1407
1765
567
653
1091
593
1587
1551
969
589
1051
1601
1523
1011
1067
987
1291
1877
1329
1155
627
299
353
993
1095
1725
1955
1831
981
793
1989
285
1437
135
127
1419
507
691
2005
1729
1289
553
719
1939
753
1923
1047
607
1577
1231
1525
615
381
757
1435
1073
781
1973
515
53
235
405
423
